1.200454822069376893e+07
2.830866414193981327e+06
2.052816097605579719e+07
1.606899468275968917e+06
4.788043628866432700e+05
5.704946970901379362e+06
6.891843971265025903e+05
4.827309901316034375e+05
1.908823912961100228e+06
1.134489707508470310e+05
4.193118736953062005e+06
4.968516757493058685e+05
4.191162779351143632e+06
1.848432214079486672e+06
1.464825904885877098e+05
1.168481443769851001e+06
1.590340382566520479e+06
3.151520920774762053e+06
4.081660319724332658e+05
1.232222744025582215e+05
2.118888989530350547e+06
1.183215502074587566e+05
1.184067185025054030e+06
4.788139267981713638e+06
5.792683170508753974e+05
9.576200189446838573e+06
4.098642539223194472e+05
1.099730498091082321e+06
1.745118683360711671e+06
1.471221079815514619e+06
4.954478367859616410e+05
3.469911638317515608e+06
5.676636785292378627e+06
2.496390082079284638e+07
4.653660524255888886e+05
1.462956296571677923e+07
7.779648662215088261e+05
1.289225076558034169e+06
4.545351663746048580e+05
1.017426829671664163e+07
2.685393899586784653e+06
7.236303430257578380e+06
4.604418914761684719e+05
2.038535363465609844e+05
3.453348779723901302e+06
1.084869323899389990e+07
6.564247478098596446e+06
3.447747408403896843e+05
9.957395984421699541e+05
1.478155688953288132e+06
1.528457849831247004e+06
2.281034234058617440e+05
4.057992266610474791e+06
2.186899491763689730e+05
2.128022516775530297e+06
3.525885691176163382e+05
5.847390418616251089e+06
4.575453425104444847e+06
2.960441604645782150e+06
6.970120421412657015e+05
1.098384614109424129e+07
4.080383140053614508e+06
3.986474045536431950e+06
3.190344328348407289e+05
3.459699343399735517e+05
2.808887494649849366e+06
3.832397343366047717e+05
1.382976427163877338e+07
6.573183551832567900e+05
9.055856855641619768e+05
2.677237871874037664e+05
2.527317070883340493e+05
3.451161755816128571e+05
1.607558605189012131e+06
8.001800480783041567e+05
1.960964117046995787e+06
8.550400594170057448e+05
1.070587968250764906e+07
1.948637290928263450e+06
3.755188417577376124e+06
2.220538762511392124e+06
7.461283179633605294e+06
4.392776553148576990e+06
8.099699979734621011e+06
3.010630052307939157e+06
3.103173376745212008e+05
4.326743472222788259e+05
9.324092219484710367e+05
4.436864554860466160e+05
1.483221743107380811e+06
8.792787799478500383e+05
2.238307402267256286e+06
2.914066773015422747e+06
2.159361802479120670e+05
2.971691620153237600e+05
1.971675659453315893e+05
4.728775788006113842e+06
1.980434476277800277e+06
1.153267337573401863e+06
5.437479455987536348e+05
1.660090478353961138e+06
3.157672189793777070e+05
3.473840724139366648e+05
5.756608969337187707e+06
6.790741869402638637e+06
1.080646379435425391e+06
2.615782436822390649e+06
2.730822628654425964e+06
2.603457010726830340e+05
6.461698907653423958e+05
6.698637919060143642e+06
3.391372544673023513e+05
8.309158037980425172e+06
3.908041297211883590e+06
1.556506460653089220e+06
7.609922827825334389e+05
5.327997650184398517e+05
2.420102312524897512e+06
3.748155172773938626e+06
1.439566058978797169e+06
8.535278493465984240e+06
1.468651941019874066e+06
3.825379737469075248e+06
1.701362034891222720e+05
7.240355933715909487e+05
3.116445889691229444e+06
2.619117007943319622e+05
7.607117762792707421e+06
1.574721310039545642e+06
1.604606924430574290e+06
7.584336277382337721e+05
9.450827821393812075e+06
1.160355198367909156e+07
1.818289124749892217e+05
1.531324170809459465e+05
7.234920467244292377e+05
1.108092128269376606e+07
1.407096737834347587e+05
2.085809489331435470e+05
4.758890276030458044e+05
4.301261588835957460e+06
2.674870035608569160e+06
2.654622735980240395e+05
3.636868443540527369e+05
5.174722985920343548e+06
1.338292348274961405e+05
2.414743109917131951e+05
3.474585944322606083e+06
1.906649280632507580e+05
1.564470240904029924e+05
3.704243388359232922e+05
1.343913706486524025e+05
2.402459434990235313e+05
1.260279679046031088e+06
8.209483194455049932e+06
7.420937804296276299e+05
9.061782067193385214e+06
5.474410186388593167e+06
3.092800660719798412e+06
1.036116458315019682e+07
1.974966847559470683e+06
1.461085896267553046e+07
5.370695314252306707e+06
5.576316667227295693e+05
1.031908226236482034e+06
1.835391320843174681e+07
6.602938924476162356e+04
2.303752911270714831e+06
1.119153840528831584e+06
4.046066456583318766e+06
1.157647222850257065e+06
1.377758336979747051e+06
3.982267117401113268e+06
1.278769437028213404e+06
5.428484833236296661e+06
5.490238165317825973e+06
1.506652911210119352e+07
4.161253273204195430e+05
5.513432023308614735e+05
2.271140298450407572e+06
2.109501506170769222e+06
1.903636600292749645e+05
3.338398491859714035e+06
1.028069636611672468e+06
8.821596291912024841e+06
3.706401223679532413e+05
3.313251876040899754e+07
5.375423994392215973e+05
2.769502926628904790e+07
1.133581239411850926e+06
2.085019728189015063e+06
3.287203457791684195e+06
3.830762171361341025e+05
1.151427986568864901e+06
6.974493838354259497e+05
5.108984877670007409e+05
9.407499057761801407e+06
3.057441832652805024e+05
4.350742124927078374e+06
3.140975352274719044e+05
6.136520444468446076e+05
2.071311105702823028e+07
4.363100128956395201e+06
7.374139732719214226e+04
1.566721558048073947e+07
4.431222636743003386e+05
1.968564357309163362e+07
5.697404210059343837e+06
1.226257948751512915e+06
1.558363591413605586e+07
1.821538740710381651e+06
1.797772966941852588e+06
1.044412285127771436e+06
4.724734393633630825e+05
1.788825055053162505e+05
8.156512510367366485e+05
1.519333843916212209e+07
3.140168990460659843e+06
1.960054681912209780e+05
1.227188636393186403e+06
8.752208497840557247e+06
8.847395011805836111e+06
5.685576201884873444e+05
3.349641287622735254e+05
9.109215461779179052e+06
1.807142863812239375e+05
4.498798499569140375e+06
2.721885293503295397e+05
2.253697848680131137e+06
1.807333282462773379e+06
1.117310649893717200e+05
1.323848651489076728e+05
2.600454146527277771e+06
6.821558935741579160e+06
5.023368315650177188e+06
1.635985617407864146e+07
3.605746854221294634e+05
1.368577647232131334e+06
2.581323308776367630e+05
5.627032777920068474e+05
3.175323775067182141e+05
9.586338867054467555e+05
2.181859969778412953e+06
6.552058885478734737e+05
1.331271467816975340e+07
5.726664742751902901e+06
1.160300291704926826e+07
1.427118805797747918e+05
4.017256695477118483e+05
3.277838192352721002e+06
